24
Aeroporto Internacional do Bahrain 
King Abdulaziz International Airport
Aeroporto Internacional de Melbourne
Aeroporto Internacional de Chubu 
Aeroporto Internacional de Xangai Pudong
Miami International Airport
Aeroporto Internacional Guglielmo Marconi
Aeroporto Internacional de Nice 
Aeroporto Internacional Pierre Elliott Trudeau de Montréal 
Aeroporto de Barcelona El Prat 
Aeroporto de Graz 
Aeroporto de Londres-Heathrow 
Aeroporto de Budapeste Ferenc Liszt 
Aeroporto de Liège 
Aeroporto de Amesterdão Schiphol 
Aeroporto de Milão-Malpensa 
Aeroporto Internacional Heydar Aliyev 
Aeroporto Changi de Singapura 
Aeroporto Internacional de Austin-Bergstrom 
Mexico City International Airport 
Aeroporto Internacional de Guarulhos 
Aeroporto Internacional de Las Vegas 
Doha International Airport (DIA)
Aeroporto Internacional de Abu Dhabi

0 677 12102 8043 6821 12190 5220 5589 10255 6265 4949 6509 4607 6001 6050 5297 2261 6312 12892 13981 11800 12926 462 842
677 0 12792 9289 8083 11623 5009 5378 9944 6054 4738 6298 4396 5790 4507 5086 3137 7331 12639 13585 10539 13051 1521 1831
12102 12792 0 8121 8050 15579 16116 16410 16726 16817 15885 16934 15510 16603 16536 16282 13137 6109 14275 13554 13076 13127 12005 11683
8043 9289 8121 0 1458 12237 9598 9868 10576 10338 9186 9502 8944 9420 9237 9631 7521 5246 10804 11580 18706 9178 8030 7803
6821 8043 8050 1458 0 13264 9022 9321 11342 9818 8626 9193 8329 9022 8864 9093 6552 5630 12014 12900 18554 10472 6794 6538
12190 11623 15579 12237 13264 0 8132 7877 2267 8142 8259 7052 8618 7460 7442 8191 10905 16959 2176 3407 6562 3501 12290 12590
5220 4989 16116 9598 9022 8132 0 452 6323 1128 569 1599 901 1086 1282 209 3841 10101 9016 10001 9576 9532 5522 5847
5618 5337 16410 9868 9321 7877 452 0 6121 683 961 1552 1292 1124 1402 304 4232 10410 8815 9773 9284 9401 5913 6238
10255 9944 16726 10576 11342 2651 6323 6121 0 5895 6357 5137 6686 5653 5493 6137 8924 14790 3144 4648 8143 4144 10355 10620
6293 6055 16817 10338 9818 7539 1126 683 5895 0 1635 1631 1499 1269 1533 979 4907 10869 8578 9483 8792 9284 6588 6913
4981 4742 15885 9186 8626 8259 568 961 6357 1635 0 472 885 1057 669 3806 9836 9040 10068 9978 9446 5276 5601 3010
6537 6299 16934 9502 9193 7052 1604 1552 5137 1631 472 0 1907 647 671 1395 4797 10888 7823 8845 9498 8308 6832 7157
4607 4396 15510 8944 8329 8618 901 1292 6686 901 885 1907 0 1499 885 1907 2450 9430 8430 9440 11500 9730 4780 4740
6001 5790 16603 9420 9022 7460 1086 1124 5653 1269 1057 647 1499 0 155 750 3540 10380 8170 8700 9750 8640 3920 4050
6050 4507 16536 9237 8864 7442 1282 1402 5493 1533 668 671 885 155 0 750 3720 10950 8430 9470 10600 9860 5800 5540
5297 5086 16282 9631 9093 8191 209 304 6137 979 3806 1395 1907 750 750 0 3070 10840 8440 9500 10710 9140 4880 4790
2261 3137 13137 7521 6552 10905 3841 4232 8924 4907 9836 4797 2450 3540 3720 3070 0 6950 10580 12120 12170 12200 2200 2090
6312 7331 6109 5246 5630 16959 10101 10410 14790 10869 9040 10068 9430 10388 10950 10380 6950 0 16840 17520 19350 14570 6720 6470
12892 12639 14275 10804 12014 2176 9016 8815 3144 8578 10869 7823 8430 8170 8430 8440 10588 16840 0 1610 7630 1580 12270 13120
13981 13585 13554 11580 12900 3407 10001 9483 9773 4683 9978 8845 9440 8700 9470 9500 12120 1750 1610 0 7150 2330 13190 13380
11800 10539 13076 18706 18554 6562 9576 9284 8143 8792 9446 9498 11500 9750 10600 10710 12170 19350 7630 7150 0 9560 11220 11100
12926 13051 13127 9178 10472 3501 9532 9401 4144 9284 5276 8308 9730 8640 9860 9140 12200 14570 1580 2330 9560 0 13990 13910
462 1521 12005 8030 6794 12290 5522 5913 10355 6588 5601 5832 4780 3820 5800 4800 2200 6720 12270 13190 11220 13990 0 378
842 1831 11683 7803 6538 12590 5847 5328 10620 6913 3010 7157 4740 4050 5540 4790 2090 6470 13120 13380 11100 13910 378 0
